profile: /Users/katsumi/Desktop/スクショ/inventory.png box=38,50,3,2% axis=col n=77 min=22.8 max=25.2
  [   0]  24.5  24.5  23.9  23.9  24.0  24.0  24.3  24.3  24.3  24.3
  [  10]  24.1  24.1  24.5  24.5  24.5  24.5  24.5  24.5  24.7  24.7
  [  20]  24.5  24.5  24.2  24.2  24.2  24.2  24.3  24.3  24.4  24.4
  [  30]  24.3  24.3  24.1  24.1  24.0  24.0  23.3  23.3  23.3  23.3
  [  40]  23.8  23.8  23.6  23.6  23.1  23.1  22.9  22.9  22.8  22.8
  [  50]  23.0  23.0  23.2  23.2  23.2  23.2  23.5  23.5  24.3  24.3
  [  60]  24.6  24.6  24.5  24.5  24.3  24.3  24.4  24.4  24.5  24.5
  [  70]  24.5  24.5  24.7  24.7  25.0  25.0  25.2
  bands: (輝度変化なし — 一様領域)
  peaks: 0 本（この帯に明線は無い）
