profile: /Users/katsumi/Desktop/スクショ/inventory.png box=30.0,92.5,2.4,1.2% axis=col n=62 min=77.1 max=166.2
  [   0]  77.4  77.4  77.3  77.3  77.5  77.5  77.9  77.9  77.3  77.3
  [  10]  77.1  77.1  77.3  77.3 166.2 166.2 154.2 154.2 154.3 154.3
  [  20] 154.1 154.1 154.1 154.1 154.3 154.3 154.2 154.2 153.9 153.9
  [  30] 153.5 153.5 153.4 153.4 153.4 153.4 153.4 153.4 153.4 153.4
  [  40] 153.4 153.4 153.5 153.5 153.3 153.3 153.3 153.3 153.4 153.4
  [  50] 153.5 153.5 153.8 153.8 153.8 153.8 154.4 154.4 153.4 153.4
  [  60] 153.4 153.4
  bands (D=暗 M=中 L=明, 33%/66% 分位): Dx14 Lx48
  peaks (明線候補, thr=117.2, 幅<= 7): 0 本
  線と判定できる peaks: 0 本（疑いを除く）
  ※ 幅の広い明領域（文字・充填面）は peaks から除外している。bands で確認すること
