profile: /Users/katsumi/Desktop/スクショ/inventory.png box=4.5,40,4.5,2% axis=col n=115 min=24.8 max=251.4
  [   0]  48.3  48.3  47.8  47.8  45.7  45.7  45.4  45.4  44.4  44.4
  [  10]  42.5  42.5  39.9  39.9  38.8  38.8  35.8  35.8  34.4  34.4
  [  20]  32.2  32.2  30.2  30.2  28.9  28.9  27.9  27.9  27.4  27.4
  [  30]  26.9  26.9  26.8  26.8  26.2  26.2  25.9  25.9  25.2  25.2
  [  40]  25.3  25.3  25.2  25.2  24.8  24.8  25.3  25.3  25.2  25.2
  [  50]  25.3  25.3  24.9  24.9  25.0  25.0  24.9  24.9  24.9  24.9
  [  60]  25.0  25.0  25.1  25.1 100.5 100.5  86.9  86.9  40.1  40.1
  [  70]  40.3  40.3 251.4 251.4 249.2 249.2 237.8 237.8 222.5 222.5
  [  80] 217.9 217.9 213.4 213.4 208.7 208.7 204.0 204.0 199.9 199.9
  [  90] 194.1 194.1 187.9 187.9 183.5 183.5 178.9 178.9 174.4 174.4
  [ 100] 170.4 170.4 166.9 166.9 163.1 163.1 159.2 159.2 155.8 155.8
  [ 110] 155.5 155.5 156.1 156.1 157.1
  bands (D=暗 M=中 L=明, 33%/66% 分位): Dx64 Mx2 Dx6 Lx26 Mx17
  peaks (明線候補, thr=126.8, 幅<= 14): 0 本
  線と判定できる peaks: 0 本（疑いを除く）
  ※ 幅の広い明領域（文字・充填面）は peaks から除外している。bands で確認すること
