profile: /Users/katsumi/moorestech-worktrees/tree3/.mso/sessions/f2277f3f-2541-4bde-8ce2-a9e31d6cede5/turns/iter0-current.png box=37.5,55,3,2% axis=col n=77 min=60.4 max=60.7
  [   0]  60.6  60.7  60.6  60.6  60.6  60.6  60.7  60.5  60.6  60.6
  [  10]  60.6  60.5  60.6  60.6  60.6  60.5  60.6  60.6  60.6  60.5
  [  20]  60.6  60.6  60.6  60.5  60.6  60.6  60.6  60.5  60.6  60.5
  [  30]  60.6  60.5  60.6  60.6  60.6  60.5  60.6  60.5  60.6  60.5
  [  40]  60.6  60.6  60.5  60.5  60.6  60.5  60.5  60.5  60.5  60.5
  [  50]  60.5  60.5  60.5  60.5  60.4  60.5  60.6  60.5  60.4  60.5
  [  60]  60.6  60.5  60.4  60.5  60.6  60.5  60.4  60.5  60.6  60.5
  [  70]  60.4  60.5  60.6  60.5  60.4  60.5  60.5
  bands: (輝度変化なし — 一様領域)
  peaks: 0 本（この帯に明線は無い）
