profile: /Users/katsumi/Desktop/スクショ/inventory.png box=5.9,25.5,2.4,1.2% axis=col n=61 min=30.7 max=251.6
  [   0]  32.8  32.8  32.8  32.8  32.6  32.6  32.2  32.2  32.2  32.2
  [  10]  32.1  32.1  31.4  31.4  31.6  31.6  31.7  31.7  30.7  30.7
  [  20]  31.5  31.5  31.4  31.4  32.2  32.2  33.5  33.5 102.3 102.3
  [  30]  87.8  87.8  42.4  42.4  42.5  42.5 251.6 251.6 251.6 251.6
  [  40] 251.6 251.6 251.4 251.4 251.6 251.6 251.6 251.6 251.6 251.6
  [  50] 251.6 251.6 251.4 251.4 251.6 251.6 251.6 251.6 251.4 251.4
  [  60] 248.2
  bands (D=暗 M=中 L=明, 33%/66% 分位): Dx36 Lx25
  peaks (明線候補, thr=130.1, 幅<= 7): 0 本
  線と判定できる peaks: 0 本（疑いを除く）
  ※ 幅の広い明領域（文字・充填面）は peaks から除外している。bands で確認すること
