profile: /Users/katsumi/Desktop/スクショ/inventory.png box=64.9,45,3.4,2% axis=col n=87 min=21.5 max=72.7
  [   0]  51.7  52.3  52.3  52.9  52.9  53.2  53.2  53.0  53.0  53.0
  [  10]  53.0  53.0  53.0  53.0  53.0  52.6  52.6  52.8  52.8  51.2
  [  20]  51.2  51.0  51.0  50.4  50.4  49.6  49.6  48.2  48.2  47.0
  [  30]  47.0  46.1  46.1  44.2  44.2  41.2  41.2  38.7  38.7  35.8
  [  40]  35.8  32.9  32.9  30.9  30.9  29.7  29.7  28.5  28.5  27.8
  [  50]  27.8  27.1  27.1  27.3  27.3  26.9  26.9  26.8  26.8  26.5
  [  60]  26.5  26.3  26.3  26.6  26.6  27.0  27.0  27.1  27.1  27.2
  [  70]  27.2  26.5  26.5  25.8  25.8  25.5  25.5  25.8  25.8  37.9
  [  80]  37.9  21.5  21.5  21.7  21.7  72.7  72.7
  bands (D=暗 M=中 L=明, 33%/66% 分位): Mx39 Dx46 Lx2
  peaks (明線候補, thr=44.6, 幅<= 10): 1 本
    col 85-86 (98.3% 位置) peak=72.7 線方向std=48.3 ⚠文字/模様混入疑い（線方向に不均一 — 線として数えず帯を取り直す）
  線と判定できる peaks: 0 本（疑いを除く）
  ※ 幅の広い明領域（文字・充填面）は peaks から除外している。bands で確認すること
