profile: /Users/katsumi/moorestech-worktrees/tree3/.mso/sessions/f2277f3f-2541-4bde-8ce2-a9e31d6cede5/turns/iter0-current.png box=15,15.5,14,8% axis=row n=116 min=62.0 max=147.4
  [   0]  64.5  64.6  64.6  64.6  64.7  64.8  64.8  64.7  64.9  64.8
  [  10]  65.0  64.9  65.1  64.9  65.2  65.1  65.2  65.2  65.2  65.3
  [  20]  65.4  65.4  65.4  65.5  65.4  65.7  65.6  65.8  65.7  65.9
  [  30]  65.8  66.0  65.8  66.0  65.9  66.2  66.1  66.2  66.2  66.2
  [  40]  66.3  66.3  66.4  66.5  66.5  66.5  66.6  66.7  66.7  66.7
  [  50]  66.9  66.9  66.9  67.0  67.1  67.1  67.2  67.2  67.3  67.3
  [  60]  67.4  67.4  67.5  67.5  67.6  67.6  67.7  67.7  67.8  67.8
  [  70]  67.9  67.9  68.0  68.0  68.1  68.1  68.2  68.2  68.3  66.0
  [  80]  62.0  88.0 147.4 122.1  62.2  62.3  62.3  62.3  62.4  74.4
  [  90] 104.2  93.0  62.7  62.7  62.8  62.9  62.9  63.0  63.0  63.1
  [ 100]  63.1  63.3  63.3  63.4  63.4  63.5  63.5  63.6  63.7  63.8
  [ 110]  63.8  63.9  63.9  64.0  64.1  84.5
  bands (D=暗 M=中 L=明, 33%/66% 分位): Dx82 Lx2 Dx6 Mx2 Dx24
  peaks (明線候補, thr=100.4, 幅<= 14): 2 本
    row 82-83 (71.1% 位置) peak=147.4 線方向std=0.7
    row 90-90 (77.6% 位置) peak=104.2 線方向std=1.3
  線と判定できる peaks: 2 本（疑いを除く）
  ※ 幅の広い明領域（文字・充填面）は peaks から除外している。bands で確認すること
