profile: /Users/katsumi/moorestech-worktrees/tree3/.mso/sessions/f2277f3f-2541-4bde-8ce2-a9e31d6cede5/turns/iter0-current.png box=3.5,40,4.5,2% axis=col n=115 min=31.4 max=207.6
  [   0]  95.0  95.0  94.0  94.2  93.1  93.3  92.1  91.6  91.3  90.6
  [  10]  89.4  88.9  88.5  87.9  86.7  86.0  85.0  84.4  83.1  82.5
  [  20]  81.4  80.7  79.4  78.4  77.7  76.7  75.6  75.2  73.9  73.0
  [  30]  77.5  92.9 207.6 207.6 207.6 207.6 207.6 207.6 207.6 127.7
  [  40]  85.6  57.6  58.7  60.6  61.0  61.3  61.7  62.1  62.6  62.9
  [  50]  63.2  63.3  63.3  63.2  63.1  63.0  63.0  63.1  63.1  63.0
  [  60]  63.0  63.1  63.0  63.0  63.0  63.1  63.1  63.0  63.0  63.0
  [  70]  63.0  62.9  62.9  63.0 109.0 157.9 101.0  76.6  78.0  55.9
  [  80]  31.4  32.4  32.4  32.4  32.5  33.4  33.4  33.4  33.5  33.4
  [  90]  33.6  33.8  33.9  69.4  83.6  85.0 132.1 161.9 133.7 128.6
  [ 100] 128.6 128.6 128.6 128.6 128.6 129.2 139.7 139.7 139.7 139.7
  [ 110] 139.7 139.7 139.7 139.7 139.7
  bands (D=暗 M=中 L=明, 33%/66% 分位): Mx10 Dx21 Mx1 Lx7 Mx1 Dx34 Mx1 Lx1 Mx1 Dx19 Mx1 Lx1 Mx17
  peaks (明線候補, thr=110.7, 幅<= 14): 2 本
    col 32-39 (30.9% 位置) peak=207.6 線方向std=0.0
    col 75-75 (65.2% 位置) peak=157.9 線方向std=0.0
  線と判定できる peaks: 2 本（疑いを除く）
  ※ 幅の広い明領域（文字・充填面）は peaks から除外している。bands で確認すること
