profile: /Users/katsumi/Desktop/スクショ/inventory.png box=54.6,16.8,1.7,7.6% axis=row n=110 min=23.5 max=95.8
  [   0]  24.6  24.6  24.6  24.6  24.2  24.2  24.1  24.1  24.4  24.4
  [  10]  24.3  24.3  24.0  24.0  23.8  23.8  23.6  23.6  23.5  23.5
  [  20]  23.5  23.5  23.8  23.8  24.0  24.0  24.3  24.3  24.3  24.3
  [  30]  24.3  24.3  24.2  24.2  24.2  24.2  24.2  24.2  24.6  24.6
  [  40]  24.6  24.6  24.5  24.5  24.4  24.4  24.5  24.5  24.6  24.6
  [  50]  24.3  24.3  24.4  24.4  24.5  24.5  24.5  24.5  24.5  24.5
  [  60]  24.3  24.3  24.6  24.6  24.6  24.6  24.7  24.7  24.7  24.7
  [  70]  84.8  84.8  95.8  95.8  24.4  24.4  24.2  24.2  24.2  24.2
  [  80]  24.4  24.4  24.8  24.8  24.9  24.9  24.6  24.6  24.4  24.4
  [  90]  24.7  24.7  25.0  25.0  25.0  25.0  25.2  25.2  25.4  25.4
  [ 100]  25.5  25.5  25.9  25.9  25.8  25.8  25.6  25.6  24.9  24.9
  bands (D=暗 M=中 L=明, 33%/66% 分位): Dx70 Lx4 Dx36
  peaks (明線候補, thr=56.0, 幅<= 13): 1 本
    row 70-73 (65.0% 位置) peak=95.8 線方向std=2.7
  線と判定できる peaks: 1 本（疑いを除く）
  ※ 幅の広い明領域（文字・充填面）は peaks から除外している。bands で確認すること
