profile: /Users/katsumi/moorestech-worktrees/tree3/.mso/sessions/f2277f3f-2541-4bde-8ce2-a9e31d6cede5/turns/iter0-current.png box=88,16.2,5,6.5% axis=row n=94 min=61.6 max=147.2
  [   0]  64.8  64.9  65.0  65.0  65.1  65.2  65.1  65.3  65.2  65.4
  [  10]  65.3  65.5  65.3  65.6  65.3  65.7  65.5  65.7  65.5  65.9
  [  20]  65.6  65.9  65.7  65.9  65.8  66.0  65.9  66.1  66.0  66.1
  [  30]  66.1  66.1  66.2  66.3  66.4  66.3  66.5  66.4  66.6  66.5
  [  40]  66.8  66.6  66.9  66.7  67.0  66.8  67.1  66.9  67.2  67.0
  [  50]  67.3  67.1  67.4  67.2  67.5  67.3  67.6  67.4  67.7  67.5
  [  60]  67.8  67.6  67.9  67.7  68.0  67.8  68.0  67.9  68.1  65.7
  [  70]  61.6  87.5 147.2 122.0  61.8  61.8  61.9  62.0  62.1  74.0
  [  80] 104.1  93.1  62.4  62.5  62.5  62.7  62.7  62.9  62.8  63.0
  [  90]  63.0  63.2  63.1  63.3
  bands (D=暗 M=中 L=明, 33%/66% 分位): Dx72 Lx2 Dx6 Mx2 Dx12
  peaks (明線候補, thr=100.1, 幅<= 11): 2 本
    row 72-73 (77.1% 位置) peak=147.2 線方向std=0.7
    row 80-80 (85.1% 位置) peak=104.1 線方向std=1.3
  線と判定できる peaks: 2 本（疑いを除く）
  ※ 幅の広い明領域（文字・充填面）は peaks から除外している。bands で確認すること
