profile: /Users/katsumi/Desktop/スクショ/inventory.png box=15,15.0,14,7.0% axis=row n=101 min=41.1 max=99.7
  [   0]  65.6  65.6  60.6  60.6  56.4  56.4  52.8  52.8  50.1  50.1
  [  10]  47.9  47.9  46.3  46.3  45.2  45.2  44.8  44.8  44.5  44.5
  [  20]  44.4  44.4  44.2  44.2  43.8  43.8  49.0  49.0  99.7  99.7
  [  30]  62.3  62.3  43.1  43.1  43.8  43.8  43.8  43.8  43.7  43.7
  [  40]  43.6  43.6  43.5  43.5  43.4  43.4  43.1  43.1  43.3  43.3
  [  50]  43.7  43.7  43.7  43.7  43.9  43.9  44.0  44.0  44.0  44.0
  [  60]  43.8  43.8  43.7  43.7  43.0  43.0  42.6  42.6  42.7  42.7
  [  70]  42.3  42.3  42.2  42.2  42.1  42.1  43.2  43.2  88.7  88.7
  [  80]  89.5  89.5  43.3  43.3  42.3  42.3  42.5  42.5  42.5  42.5
  [  90]  42.2  42.2  42.1  42.1  42.1  42.1  41.5  41.5  41.3  41.3
  [ 100]  41.1
  bands (D=暗 M=中 L=明, 33%/66% 分位): Mx2 Dx26 Lx2 Mx2 Dx46 Lx4 Dx19
  peaks (明線候補, thr=67.5, 幅<= 12): 2 本
    row 28-29 (28.2% 位置) peak=99.7 線方向std=14.5
    row 78-81 (78.7% 位置) peak=89.5 線方向std=13.2
  線と判定できる peaks: 2 本（疑いを除く）
  ※ 幅の広い明領域（文字・充填面）は peaks から除外している。bands で確認すること
