profile: /Users/katsumi/moorestech-worktrees/tree3/.mso/sessions/f2277f3f-2541-4bde-8ce2-a9e31d6cede5/turns/iter0-current.png box=40,15.8,2,11.5% axis=row n=167 min=78.5 max=167.7
  [   0]  82.1  82.0  82.2  81.8  82.1  81.7  82.2  81.7  82.1  81.6
  [  10]  82.1  81.6  81.9  81.6  81.8  81.5  81.9  81.6  81.6  81.5
  [  20]  81.5  81.5  81.5  81.5  81.5  81.5  81.3  81.5  81.3  81.3
  [  30]  81.2  81.4  81.3  81.3  81.1  81.1  81.2  81.1  81.1  81.1
  [  40]  81.1  81.1  81.1  81.1  81.1  81.1  81.1  81.1  81.0  81.1
  [  50]  81.1  81.1  81.0  81.0  81.0  81.1  80.9  81.0  81.0  81.0
  [  60]  80.9  81.0  80.9  81.0  80.9  81.0  80.9  81.0  80.9  81.0
  [  70]  80.8  81.0  80.9  81.0  80.8  81.0  80.8  81.0  80.7  81.0
  [  80]  80.8  81.0  80.7  81.0  80.8  81.0  80.7  81.0  80.7  81.0
  [  90]  80.7  80.9  80.7  81.0  80.7  80.9  80.7  81.0  80.6  80.8
  [ 100]  80.7  80.9  80.6  80.8  80.7  80.9  80.6  80.8  80.7  80.8
  [ 110]  80.6  80.8  80.6  80.8  80.6  80.8  80.6  80.6  80.6  80.5
  [ 120]  80.6  80.4  80.6  80.4  80.6  80.3  80.4  80.4  80.4  80.2
  [ 130]  80.4  80.3  80.2  80.2  80.1  80.2  80.0  80.1  80.1  80.1
  [ 140]  79.8  80.1  79.8 167.6 167.7  79.9  79.8  79.8  79.7  79.9
  [ 150]  79.7 167.5 167.7  79.7  79.6  79.6  79.7  79.7  79.6  79.6
  [ 160]  79.6  79.7  79.6  79.6  79.6  79.6  78.5
  bands (D=暗 M=中 L=明, 33%/66% 分位): Dx143 Lx2 Dx6 Lx2 Dx14
  peaks (明線候補, thr=118.7, 幅<= 20): 2 本
    row 143-144 (85.9% 位置) peak=167.7 線方向std=0.0
    row 151-152 (90.7% 位置) peak=167.7 線方向std=0.0
  線と判定できる peaks: 2 本（疑いを除く）
  ※ 幅の広い明領域（文字・充填面）は peaks から除外している。bands で確認すること
