profile: /Users/katsumi/moorestech-worktrees/tree3/.mso/sessions/f2277f3f-2541-4bde-8ce2-a9e31d6cede5/turns/iter0-current.png box=49.4,68.5,1.2,6.2% axis=row n=90 min=61.1 max=192.9
  [   0]  62.4  62.3  62.3  62.2  62.3  64.3 123.2 125.4 133.8 132.8
  [  10] 131.2 130.4 128.8 127.1 126.3 125.6 123.9 123.9 123.0 123.2
  [  20] 123.0 123.0 122.3 123.2 123.2 123.2 123.2 123.2 123.2 123.2
  [  30] 123.2 123.2 158.4 178.7 183.6 175.7 162.1 161.4 162.5 164.1
  [  40] 166.7 177.2 192.9 189.6 183.8 174.6 176.1 177.8 179.4 180.4
  [  50] 180.7 180.9 123.2 123.2 123.2 123.2 123.2 123.2 123.2 123.2
  [  60] 122.3 122.3 122.3 123.2 123.2 123.2 123.9 124.8 125.6 127.1
  [  70] 128.0 128.8 130.4 132.1 132.8 134.6 123.2 123.2  61.1  61.3
  [  80]  61.1  61.4  61.1  61.3  61.1  61.4  65.0  79.1  74.9  99.0
  bands (D=暗 M=中 L=明, 33%/66% 分位): Dx6 Mx26 Lx20 Mx26 Dx12
  peaks (明線候補, thr=120.4, 幅<= 11): 0 本
  線と判定できる peaks: 0 本（疑いを除く）
  ※ 幅の広い明領域（文字・充填面）は peaks から除外している。bands で確認すること
