profile: /Users/katsumi/Desktop/スクショ/inventory.png box=35.6,45,5.2,2% axis=col n=134 min=22.5 max=97.2
  [   0]  54.6  54.6  54.6  54.6  54.4  54.4  53.8  53.8  53.6  53.6
  [  10]  53.0  53.0  53.0  53.0  52.7  52.7  52.3  52.3  51.5  51.5
  [  20]  51.5  51.5  51.1  51.1  51.4  51.4  51.8  51.8  52.2  52.2
  [  30]  52.7  52.7  51.7  51.7  51.3  51.3  51.5  51.5  24.0  24.0
  [  40]  24.4  24.4  24.8  24.8  97.2  97.2  43.8  43.8  23.9  23.9
  [  50]  24.3  24.3  24.1  24.1  24.0  24.0  23.8  23.8  23.6  23.6
  [  60]  23.5  23.5  23.1  23.1  22.8  22.8  22.6  22.6  22.5  22.5
  [  70]  22.6  22.6  22.8  22.8  22.9  22.9  23.0  23.0  23.4  23.4
  [  80]  24.2  24.2  24.4  24.4  24.3  24.3  24.4  24.4  25.1  25.1
  [  90]  25.5  25.5  25.1  25.1  24.8  24.8  24.6  24.6  24.8  24.8
  [ 100]  25.4  25.4  25.2  25.2  25.1  25.1  24.7  24.7  24.5  24.5
  [ 110]  24.7  24.7  25.2  25.2  25.1  25.1  24.2  24.2  23.6  23.6
  [ 120]  23.5  23.5  23.5  23.5  23.4  23.4  23.3  23.3  23.3  23.3
  [ 130]  23.5  23.5  24.1  24.1
  bands (D=暗 M=中 L=明, 33%/66% 分位): Mx38 Dx6 Lx2 Dx88
  peaks (明線候補, thr=56.1, 幅<= 16): 1 本
    col 44-45 (33.2% 位置) peak=97.2 線方向std=0.0
  線と判定できる peaks: 1 本（疑いを除く）
  ※ 幅の広い明領域（文字・充填面）は peaks から除外している。bands で確認すること
